0 0
1 1
2 2
3 2
4 3
5 4
6 4
7 5
8 5
9 6
10 6
11 7
12 7
13 8
14 8
15 8
16 9
17 9
18 10
19 10
20 11
21 11
22 12
23 12
24 12
25 13
26 13
27 14
28 14
29 15
30 15
31 16
32 16
33 16
34 17
35 17
36 18
37 18
38 19
39 19
40 20
41 20
42 20
43 21
44 21
45 22
46 22
47 23
48 23
49 24
50 24
51 24
52 25
53 25
54 26
55 26
56 27
57 27
58 28
59 28
60 28
61 29
62 29
63 30
64 30
65 30
66 31
67 31
68 32
69 32
70 32
71 33
72 33
73 34
74 34
75 35
76 35
77 36
78 36
79 36
80 37
81 37
82 38
83 38
84 39
85 39
86 40
87 40
88 40
89 41
90 41
91 42
92 42
93 43
94 43
95 44
96 44
97 44
98 45
99 45
100 46
101 46
102 47
103 47
104 48
105 48
106 48
107 49
108 49
109 50
110 50
111 51
112 51
113 52
114 52
115 52
116 53
117 53
118 54
119 54
120 55
121 55
122 56
123 56
124 56
125 56
126 57
127 57
128 57
129 57
130 57
131 57
132 58
133 58
134 58
135 58
136 58
137 58
138 59
139 59
140 59
141 59
142 59
143 59
144 60
145 60
146 60
147 60
148 60
149 60
150 60
151 60
152 60
153 60
154 60
155 60
156 60
157 60
158 60
159 60
160 60
161 60
162 60
163 60
164 60
165 60
166 60
167 60
168 60
169 60
170 60
171 60
172 60
173 60
174 60
175 60
176 60
177 60
178 60
179 60
180 60
181 60
182 60
183 60
184 60
185 60
186 60
187 60
188 60
189 60
190 60
191 60
192 60
193 60
194 60
195 60
196 60
197 60
198 60
199 60
200 60
201 60
202 60
203 60
204 60
205 60
206 60
207 60
208 60
209 60
210 60
211 60
212 60
213 60
214 60
215 60
216 60
217 60
218 60
219 60
220 60
221 60
222 60
223 60
224 60
225 60
226 60
227 60
228 60
229 60
230 60
231 60
232 60
233 60
234 60
235 60
236 60
237 60
238 60
239 60
240 60
241 60
242 60
243 60
244 60
245 60
246 60
247 60
248 60
249 60
250 60
251 60
252 60
253 60
254 60
255 60
