0 0
1 1
2 2
3 2
4 3
5 4
6 4
7 5
8 5
9 6
10 6
11 6
12 7
13 7
14 8
15 8
16 8
17 9
18 9
19 10
20 10
21 10
22 11
23 11
24 12
25 12
26 12
27 13
28 13
29 14
30 14
31 14
32 15
33 15
34 16
35 16
36 16
37 17
38 17
39 18
40 18
41 18
42 19
43 19
44 20
45 20
46 20
47 21
48 21
49 22
50 22
51 22
52 23
53 23
54 24
55 24
56 24
57 25
58 25
59 26
60 26
61 26
62 27
63 27
64 28
65 28
66 28
67 29
68 29
69 30
70 30
71 30
72 31
73 31
74 32
75 32
76 32
77 33
78 33
79 34
80 34
81 34
82 35
83 35
84 36
85 36
86 36
87 37
88 37
89 38
90 38
91 38
92 39
93 39
94 40
95 40
96 40
97 41
98 41
99 41
100 42
101 42
102 43
103 43
104 43
105 44
106 44
107 44
108 45
109 45
110 46
111 46
112 46
113 47
114 47
115 48
116 48
117 48
118 49
119 49
120 50
121 50
122 50
123 51
124 51
125 52
126 52
127 52
128 53
129 53
130 54
131 54
132 54
133 55
134 55
135 56
136 56
137 56
138 56
139 56
140 57
141 57
142 57
143 57
144 57
145 57
146 58
147 58
148 58
149 58
150 58
151 58
152 59
153 59
154 59
155 59
156 59
157 59
158 60
159 60
160 60
161 60
162 60
163 60
164 60
165 60
166 60
167 60
168 60
169 60
170 60
171 60
172 60
173 60
174 60
175 60
176 60
177 60
178 60
179 60
180 60
181 60
182 60
183 60
184 60
185 60
186 60
187 60
188 60
189 60
190 60
191 60
192 60
193 60
194 60
195 60
196 60
197 60
198 60
199 60
200 60
201 60
202 60
203 60
204 60
205 60
206 60
207 60
208 60
209 60
210 60
211 60
212 60
213 60
214 60
215 60
216 60
217 60
218 60
219 60
220 60
221 60
222 60
223 60
224 60
225 60
226 60
227 60
228 60
229 60
230 60
231 60
232 60
233 60
234 60
235 60
236 60
237 60
238 60
239 60
240 60
241 60
242 60
243 60
244 60
245 60
246 60
247 60
248 60
249 60
250 60
251 60
252 60
253 60
254 60
255 60
