0 0
1 1
2 2
3 3
4 4
5 4
6 5
7 5
8 6
9 6
10 7
11 7
12 8
13 8
14 9
15 9
16 10
17 10
18 11
19 11
20 12
21 12
22 13
23 13
24 14
25 14
26 15
27 15
28 16
29 16
30 16
31 17
32 17
33 18
34 18
35 19
36 19
37 20
38 20
39 21
40 21
41 22
42 22
43 23
44 23
45 24
46 24
47 24
48 25
49 25
50 26
51 26
52 27
53 27
54 28
55 28
56 29
57 29
58 30
59 30
60 31
61 31
62 32
63 32
64 32
65 33
66 33
67 34
68 34
69 35
70 35
71 36
72 36
73 37
74 37
75 38
76 38
77 39
78 39
79 40
80 40
81 41
82 41
83 42
84 42
85 43
86 43
87 44
88 44
89 44
90 45
91 45
92 46
93 46
94 47
95 47
96 48
97 48
98 49
99 49
100 50
101 50
102 51
103 51
104 52
105 52
106 52
107 53
108 53
109 54
110 54
111 55
112 55
113 56
114 56
115 56
116 56
117 57
118 57
119 57
120 57
121 57
122 58
123 58
124 58
125 58
126 58
127 58
128 59
129 59
130 59
131 59
132 59
133 60
134 60
135 60
136 60
137 60
138 60
139 60
140 60
141 60
142 60
143 60
144 60
145 60
146 60
147 60
148 60
149 60
150 60
151 60
152 60
153 60
154 60
155 60
156 60
157 60
158 60
159 60
160 60
161 60
162 60
163 60
164 60
165 60
166 60
167 60
168 60
169 60
170 60
171 60
172 60
173 60
174 60
175 60
176 60
177 60
178 60
179 60
180 60
181 60
182 60
183 60
184 60
185 60
186 60
187 60
188 60
189 60
190 60
191 60
192 60
193 60
194 60
195 60
196 60
197 60
198 60
199 60
200 60
201 60
202 60
203 60
204 60
205 60
206 60
207 60
208 60
209 60
210 60
211 60
212 60
213 60
214 60
215 60
216 60
217 60
218 60
219 60
220 60
221 60
222 60
223 60
224 60
225 60
226 60
227 60
228 60
229 60
230 60
231 60
232 60
233 60
234 60
235 60
236 60
237 60
238 60
239 60
240 60
241 60
242 60
243 60
244 60
245 60
246 60
247 60
248 60
249 60
250 60
251 60
252 60
253 60
254 60
255 60
