0 0
1 1
2 2
3 2
4 3
5 4
6 4
7 5
8 5
9 5
10 6
11 6
12 7
13 7
14 7
15 8
16 8
17 8
18 9
19 9
20 9
21 10
22 10
23 11
24 11
25 11
26 12
27 12
28 12
29 13
30 13
31 13
32 14
33 14
34 15
35 15
36 15
37 16
38 16
39 16
40 17
41 17
42 17
43 18
44 18
45 19
46 19
47 19
48 20
49 20
50 20
51 21
52 21
53 21
54 22
55 22
56 23
57 23
58 23
59 24
60 24
61 24
62 25
63 25
64 25
65 26
66 26
67 27
68 27
69 27
70 28
71 28
72 28
73 29
74 29
75 29
76 30
77 30
78 31
79 31
80 31
81 32
82 32
83 32
84 33
85 33
86 33
87 34
88 34
89 35
90 35
91 35
92 36
93 36
94 36
95 37
96 37
97 37
98 38
99 38
100 39
101 39
102 39
103 40
104 40
105 40
106 41
107 41
108 41
109 42
110 42
111 43
112 43
113 43
114 44
115 44
116 44
117 45
118 45
119 45
120 46
121 46
122 47
123 47
124 47
125 48
126 48
127 48
128 49
129 49
130 49
131 50
132 50
133 51
134 51
135 51
136 52
137 52
138 52
139 53
140 53
141 53
142 54
143 54
144 55
145 55
146 55
147 56
148 56
149 56
150 56
151 56
152 57
153 57
154 57
155 57
156 57
157 57
158 57
159 58
160 58
161 58
162 58
163 58
164 58
165 59
166 59
167 59
168 59
169 59
170 59
171 59
172 60
173 60
174 60
175 60
176 60
177 60
178 60
179 60
180 60
181 60
182 60
183 60
184 60
185 60
186 60
187 60
188 60
189 60
190 60
191 60
192 60
193 60
194 60
195 60
196 60
197 60
198 60
199 60
200 60
201 60
202 60
203 60
204 60
205 60
206 60
207 60
208 60
209 60
210 60
211 60
212 60
213 60
214 60
215 60
216 60
217 60
218 60
219 60
220 60
221 60
222 60
223 60
224 60
225 60
226 60
227 60
228 60
229 60
230 60
231 60
232 60
233 60
234 60
235 60
236 60
237 60
238 60
239 60
240 60
241 60
242 60
243 60
244 60
245 60
246 60
247 60
248 60
249 60
250 60
251 60
252 60
253 60
254 60
255 60
