SuperchamberEta | Shift [strip(8)]
0 4
1 5
2 5
3 5
4 6
5 6
6 6
7 6
8 4
9 4
10 4
11 5
12 5
13 5
14 5
15 5
16 5
17 5
18 6
19 6
20 6
21 7
22 7
23 7
24 3
25 3
26 3
27 3
28 4
29 4
30 4
31 4
32 4
33 5
34 5
35 5
36 6
37 6
38 7
39 7
40 2
41 3
42 3
43 3
44 3
45 3
46 3
47 3
48 3
49 3
50 4
51 3
52 4
53 4
54 4
55 5
56 2
57 2
58 2
59 2
60 2
61 2
62 2
63 2
64 3
65 3
66 3
67 3
68 3
69 3
70 3
71 3
72 1
73 1
74 1
75 0
76 1
77 0
78 0
79 0
80 1
81 1
82 1
83 1
84 1
85 2
86 2
87 2
88 -2
89 -2
90 -2
91 -2
92 -2
93 -1
94 -1
95 -1
96 0
97 0
98 0
99 0
100 1
101 1
102 1
103 1
104 -2
105 -3
106 -3
107 -3
108 -3
109 -3
110 -4
111 -4
112 -2
113 -2
114 -2
115 -3
116 -3
117 -3
118 -4
119 -4
120 -4
121 -4
122 -4
123 -4
124 -4
125 -4
126 -4
127 -5
128 -2
129 -2
130 -3
131 -3
132 -3
133 -4
134 -4
135 -4
136 -4
137 -4
138 -4
139 -4
140 -5
141 -5
142 -5
143 -6
144 0
145 -1
146 -1
147 -1
148 -2
149 -2
150 -2
151 -2
152 -4
153 -4
154 -5
155 -5
156 -6
157 -6
158 -7
159 -8
160 -1
161 -1
162 -2
163 -2
164 -2
165 -3
166 -3
167 -3
168 -4
169 -4
170 -4
171 -4
172 -5
173 -5
174 -5
175 -6
176 -2
177 -2
178 -2
179 -3
180 -3
181 -3
182 -3
183 -3
184 -3
185 -3
186 -4
187 -4
188 -4
189 -5
190 -5
191 -6
192 -4
193 -4
194 -5
195 -5
196 -5
197 -5
198 -6
199 -6
200 -3
201 -3
202 -3
203 -3
204 -3
205 -3
206 -3
207 -3
208 -1
209 -1
210 -1
211 -1
212 -2
213 -2
214 -2
215 -2
216 -2
217 -2
218 -2
219 -2
220 -2
221 -2
222 -2
223 -2
224 1
225 1
226 1
227 0
228 0
229 0
230 0
231 0
232 -1
233 -1
234 0
235 0
236 0
237 0
238 0
239 0
240 2
241 3
242 3
243 3
244 3
245 3
246 3
247 3
248 1
249 1
250 1
251 2
252 2
253 3
254 3
255 3
256 4
257 4
258 4
259 4
260 5
261 5
262 5
263 6
264 3
265 3
266 3
267 3
268 4
269 4
270 4
271 4
272 5
273 6
274 6
275 7
276 7
277 7
278 7
279 8
280 4
281 4
282 4
283 4
284 5
285 5
286 4
287 5
SuperchamberEta | Shift [strip(8)]
0 -5
1 -5
2 -5
3 -5
4 -5
5 -6
6 -6
7 -6
8 -4
9 -4
10 -4
11 -4
12 -4
13 -5
14 -5
15 -5
16 -5
17 -5
18 -5
19 -6
20 -6
21 -6
22 -7
23 -7
24 -3
25 -3
26 -4
27 -4
28 -4
29 -4
30 -4
31 -4
32 -5
33 -5
34 -5
35 -5
36 -5
37 -5
38 -6
39 -6
40 -2
41 -2
42 -2
43 -3
44 -3
45 -3
46 -3
47 -3
48 -2
49 -2
50 -2
51 -2
52 -3
53 -3
54 -3
55 -3
56 -2
57 -2
58 -2
59 -2
60 -2
61 -2
62 -2
63 -2
64 -1
65 0
66 0
67 0
68 0
69 0
70 0
71 0
72 1
73 1
74 1
75 2
76 2
77 2
78 2
79 2
80 1
81 1
82 1
83 1
84 1
85 1
86 1
87 1
88 2
89 2
90 2
91 2
92 2
93 2
94 2
95 2
96 2
97 3
98 3
99 3
100 3
101 3
102 3
103 3
104 4
105 4
106 4
107 4
108 4
109 4
110 4
111 4
112 1
113 1
114 2
115 2
116 3
117 3
118 4
119 4
120 2
121 3
122 3
123 3
124 4
125 4
126 5
127 5
128 3
129 3
130 4
131 4
132 4
133 5
134 5
135 5
136 5
137 5
138 5
139 6
140 6
141 6
142 6
143 6
144 4
145 4
146 5
147 5
148 6
149 6
150 6
151 6
152 3
153 3
154 3
155 3
156 4
157 4
158 4
159 4
160 4
161 4
162 5
163 5
164 5
165 5
166 6
167 6
168 3
169 3
170 3
171 3
172 3
173 4
174 4
175 4
176 3
177 3
178 3
179 3
180 4
181 4
182 4
183 4
184 2
185 2
186 2
187 2
188 3
189 3
190 3
191 4
192 2
193 2
194 2
195 3
196 3
197 3
198 3
199 3
200 1
201 1
202 1
203 1
204 1
205 1
206 1
207 2
208 0
209 0
210 0
211 1
212 1
213 1
214 1
215 1
216 -2
217 -2
218 -2
219 -3
220 -3
221 -3
222 -4
223 -4
224 -1
225 -1
226 -1
227 -1
228 -1
229 -1
230 -2
231 -2
232 -1
233 -2
234 -2
235 -2
236 -3
237 -3
238 -3
239 -3
240 -4
241 -4
242 -4
243 -4
244 -4
245 -4
246 -4
247 -4
248 -3
249 -4
250 -4
251 -4
252 -5
253 -5
254 -5
255 -6
256 -5
257 -5
258 -5
259 -5
260 -5
261 -5
262 -5
263 -5
264 -3
265 -3
266 -3
267 -3
268 -3
269 -3
270 -4
271 -5
272 -5
273 -5
274 -5
275 -5
276 -5
277 -6
278 -6
279 -6
280 -4
281 -4
282 -4
283 -5
284 -5
285 -5
286 -6
287 -6
