SuperchamberEta | Shift [strip(8)]
0 -5
1 -5
2 -5
3 -5
4 -5
5 -6
6 -6
7 -6
8 -4
9 -4
10 -4
11 -4
12 -4
13 -5
14 -5
15 -5
16 -5
17 -5
18 -5
19 -6
20 -6
21 -6
22 -7
23 -7
24 -3
25 -3
26 -4
27 -4
28 -4
29 -4
30 -4
31 -4
32 -5
33 -5
34 -5
35 -5
36 -5
37 -5
38 -6
39 -6
40 -2
41 -2
42 -2
43 -3
44 -3
45 -3
46 -3
47 -3
48 -2
49 -2
50 -2
51 -2
52 -3
53 -3
54 -3
55 -3
56 -2
57 -2
58 -2
59 -2
60 -2
61 -2
62 -2
63 -2
64 -1
65 0
66 0
67 0
68 0
69 0
70 0
71 0
72 1
73 1
74 1
75 2
76 2
77 2
78 2
79 2
80 1
81 1
82 1
83 1
84 1
85 1
86 1
87 1
88 2
89 2
90 2
91 2
92 2
93 2
94 2
95 2
96 2
97 3
98 3
99 3
100 3
101 3
102 3
103 3
104 4
105 4
106 4
107 4
108 4
109 4
110 4
111 4
112 1
113 1
114 2
115 2
116 3
117 3
118 4
119 4
120 2
121 3
122 3
123 3
124 4
125 4
126 5
127 5
128 3
129 3
130 4
131 4
132 4
133 5
134 5
135 5
136 5
137 5
138 5
139 6
140 6
141 6
142 6
143 6
144 4
145 4
146 5
147 5
148 6
149 6
150 6
151 6
152 3
153 3
154 3
155 3
156 4
157 4
158 4
159 4
160 4
161 4
162 5
163 5
164 5
165 5
166 6
167 6
168 3
169 3
170 3
171 3
172 3
173 4
174 4
175 4
176 3
177 3
178 3
179 3
180 4
181 4
182 4
183 4
184 2
185 2
186 2
187 2
188 3
189 3
190 3
191 4
192 2
193 2
194 2
195 3
196 3
197 3
198 3
199 3
200 1
201 1
202 1
203 1
204 1
205 1
206 1
207 2
208 0
209 0
210 0
211 1
212 1
213 1
214 1
215 1
216 -2
217 -2
218 -2
219 -3
220 -3
221 -3
222 -4
223 -4
224 -1
225 -1
226 -1
227 -1
228 -1
229 -1
230 -2
231 -2
232 -1
233 -2
234 -2
235 -2
236 -3
237 -3
238 -3
239 -3
240 -4
241 -4
242 -4
243 -4
244 -4
245 -4
246 -4
247 -4
248 -3
249 -4
250 -4
251 -4
252 -5
253 -5
254 -5
255 -6
256 -5
257 -5
258 -5
259 -5
260 -5
261 -5
262 -5
263 -5
264 -3
265 -3
266 -3
267 -3
268 -3
269 -3
270 -4
271 -5
272 -5
273 -5
274 -5
275 -5
276 -5
277 -6
278 -6
279 -6
280 -4
281 -4
282 -4
283 -5
284 -5
285 -5
286 -6
287 -6
